6516
                                                                                                                                                                                                          
                                                    1                             1                                                                     1                       1                         
        1                                                                                                                                                                                                 
                                                                                                                                                                                                          
                                                                        1                                                         1                                       1     1                         
                                                                                                                                                        1                                                 
                                                                                                              1                                                                                           
                                                                                                                                                                                      1                   
                                                                                                          1                             1                                                                 
                                                  1                                                                                                           1                                           
1     1                                   1                                                                                                                                                         1     
                1           1                                                                                                                                                                             
                                        1                                                                         1                                                                                       
                                      1                                                                                                                                       1       1                   
                                                                                                                                                1                                                         
                                                                  1                                                                                                   1                                   
                                      1             1                                                                                                                                                     
                            1                   1                                                                                                                                                         
            1                             1                                                                                                                                                               
                                                                                                                                                                                                          
                                                                          1                                                                                                                               
                                    1                                                                                                                                                                     
                                                                                                                                                                                                          
                                                                    1                                                                                                                                     
                                                                                                                                                                                                          
          1                                                                                                                                                             1                                 
                      1                                                   1                                                           1                                       1     1                     
                                                                                                                                                                                                          
                                                                                                                                                                                                          
                                                                                                                                                                                                1         
          1                             1                                             1     1                                                                                                             
                                    1                                                                                                                                                   1                 
                                                                                                                                                                                                          
                                                                                      1             1                           1                                                                         
                                                                                                                                                                      1                                   
                          1                                                               1                                                                                             1                 
                                                                                                                                                                                1                         
                                                                                                                                                                                                          
                1                                         1                                                                                                           1                                   
    1                 1                                                                                                                                               1   1                               
                                                                                                                                                                                                          
                                                                                  1 1 1 1 1 1 1 1 1 1 1 1 1 1 1 1 1 1 1 1 1 1 1 1 1 1 1 1 1 1 1                   1                                       
                                                                                  1                                                           1                                               1           
                                                                                  1                                                           1                                                           
                                        1                                         1                                                           1                                                           
                  1                                                         1     1                                                           1                                           1               
                                                                                  1                             1                             1                                                           
                                                                                  1                           1 1 1                           1                                                           
                                                                              1   1                         1 1 1 1 1                         1                                                           
                                                                                  1                       1 1 1 1 1 1 1                       1                                                           
                                                                                  1                     1 1 1 1 1 1 1 1 1                     1                                                           
            1                         1                               1           1                         1 1 1 1 1                         1                                                           
      1                 1                                                         1                       1 1 1 1 1 1 1                       1                                                           
                                                                                  1                     1 1 1 1 1 1 1 1 1                     1                                                           
                                                                                  1                   1 1 1 1 1 1 1 1 1 1 1                   1                                                           
                                1                         1                       1                 1 1 1 1 1 1 1 1 1 1 1 1 1                 1                             1   1                         
                                                                                  1                     1 1 1 1 1 1 1 1 1                     1                                                           
                                                            1                     1                   1 1 1 1 1 1 1 1 1 1 1                   1                                                           
                                                                                  1                 1 1 1 1 1 1 1 1 1 1 1 1 1                 1                                                           
                                                                                  1               1 1 1 1 1 1 1 1 1 1 1 1 1 1 1               1                                                           
                                          1                                       1             1 1 1 1 1 1 1 1 1 1 1 1 1 1 1 1 1             1                                               1           
                                                                                  1                 1 1 1 1 1 1 1 1 1 1 1 1 1                 1                                     1                     
          1                                                                       1               1 1 1 1 1 1 1 1 1 1 1 1 1 1 1               1                                                           
                                                                                  1             1 1 1 1 1 1 1 1 1 1 1 1 1 1 1 1 1             1               1                                         1 
                            1                                                     1           1 1 1 1 1 1 1 1 1 1 1 1 1 1 1 1 1 1 1           1                                                           
                                                                                  1         1 1 1 1 1 1 1 1 1 1 1 1 1 1 1 1 1 1 1 1 1         1                                                           
                                                                                  1                           1 1 1                           1                                                           
                                                                                  1                           1 1 1                           1                                                           
                                                                                  1                           1 1 1                           1                                         1                 
                              1                                                   1                                                           1                                                           
                                                1                         1       1                                                           1                                                           
      1     1                             1       1                               1                                                           1                                                           
1                                                                                 1                                                           1                                                           
                                                                                  1 1 1 1 1 1 1 1 1 1 1 1 1 1 1 1 1 1 1 1 1 1 1 1 1 1 1 1 1 1 1                                                           
                                                                                                                                                                            1                             
                                                                                                                                                                                                          
                              1                                                                                                                                                           1               
        1                                                                                               1       1                                                                                         
                              1                                                                                 1                                                                                   1     
    1                                                                                                                                         1                                                           
                                                                                                                                                                    1                                     
                                                                                                                                                                                                          
                                                                                                                                                  1                                                       
                                                                                                                                                                                                          
                    1     1               1                                                                                                         1           1                                         
                  1                                               1                                                                             1                                                         
                                                                                                                                                                                                          
          1               1                                                                                                       1                                 1                                     
                                            1                                                                                                                                               1             
                                                                                                                                                                                                          
                                                                                                                            1                                                         1   1               
                          1                                                                                                                                                                               
                                                                                                                                                                        1                                 
                                1                                                                                                                     1                                           1       
                                                                                                                                1                                                                         
                      1                                                                         1                                                                                                         
                                                                                                                                                                                                          
                                                                                              1                                                                                                         1 
                            1   1                                                                                                                                                                         
                                                                                                                                                                                                          
              1                                                                                                                         1                                       1                         
                                                                                                                                          1                                                               
                                                                                                                                                                                                          

